8.25 -2 -8
62.0 0 62
78.82 64 46
85.62 79 33
97.62 85 -48
106.51 -104 -23
123.69 -96 78
126.0 0 126
154.03 -150 35
157.0 -155 25
158.0 -158 0
159.15 -137 -81
170.08 -128 112
172.0 -172 0
181.16 -123 -133
187.3 186 22
203.0 203 0
215.64 -175 126
223.89 -90 205
235.0 235 0
238.37 -105 214
246.47 -213 -124
247.03 -4 247
249.93 124 -217
250.95 -107 227
251.64 -53 246
255.16 92 -238
263.28 106 241
265.0 -265 0
265.0 0 265
269.0 181 199
282.21 251 -129
292.77 -67 285
311.85 23 -311
317.0 317 0
322.01 2 -322
323.0 0 323
325.06 270 181
331.04 -318 -92
332.52 -79 -323
337.02 -337 -4
341.88 -278 -199
349.77 -107 333
352.09 -302 181
353.06 -147 -321
360.89 121 340
366.02 -193 311
366.75 -84 -357
370.11 366 -55
371.4 140 -344
377.77 -147 -348
380.67 -378 45
380.92 -376 -61
382.29 382 -15
385.02 4 385
385.42 289 -255
393.0 -393 0
393.51 -257 298
395.32 380 -109
402.74 -201 -349
405.12 165 370
413.15 407 71
415.0 0 415
415.6 332 -250
423.48 -206 -370
445.47 339 -289
446.86 118 431
446.95 89 -438
449.02 164 418
450.88 -437 111
453.22 -374 -256
456.81 -320 -326
457.0 0 -457
459.44 416 -195
462.35 -142 -440
463.18 -384 259
464.58 331 -326
469.61 -24 -469
474.89 68 -470
478.4 238 -415
479.85 -246 -412
486.95 480 -82
499.44 -331 374
506.17 491 123
515.26 -437 -273
519.03 -489 174
519.83 -360 375
521.79 494 168
524.37 385 -356
542.5 222 495
557.57 -481 282
558.17 -496 -256
562.38 -276 490
565.56 426 372
567.0 -419 -382
575.05 -363 446
578.83 383 -434
625.12 -420 -463
642.95 430 478
651.77 -495 -424
